    27      1.23263E+235           0.00000
    28      1.14580E+237           0.00000
    29      8.45335E+238           0.00000
    30      2.16346E+240           0.00000
    31      3.32232E+241           0.00002
    32      3.48892E+242           0.00019
    33      2.49830E+243           0.00136
    34      1.17797E+244           0.00642
    35      4.20383E+244           0.02290
    36      1.04563E+245           0.05697
    37      2.12946E+245           0.11603
    38      3.10986E+245           0.16944
    39      3.82612E+245           0.20847
    40      3.16577E+245           0.17249
    41      2.49614E+245           0.13600
    42      1.18084E+245           0.06434
    43      6.12119E+244           0.03335
    44      1.55137E+244           0.00845
    45      5.79383E+243           0.00316
    46      5.79097E+242           0.00032
    47      1.54087E+242           0.00008
    48      4.92548E+240           0.00000
    49      1.29548E+240           0.00000
    50      1.11558E+238           0.00000
    51      3.47936E+237           0.00000
    52      5.90250E+234           0.00000
    53      9.50828E+232           0.00000
