    31          188.73075            0.00000
    32          197.62590            0.00002
    33          200.60668            0.00043
    34          203.21574            0.00583
    35          205.51059            0.05787
    36          205.93028            0.08805
    37          206.47108            0.15121
    38          207.62932            0.48149
    39          206.75369            0.20059
    40          204.02868            0.01315
    41          201.76563            0.00137
    42          194.43878            0.00000
