82
0 11 13
0 8 16
0 4 39
0 4 31
0 0 12
0 4 4
0 13 24
0 13 16
0 7 22
0 12 32
0 8 8
0 7 9
0 7 24
0 5 25
0 11 32
0 6 10
0 8 10
0 4 27
0 15 31
0 16 43
0 13 21
0 5 39
0 13 74
0 8 21
0 6 6
0 5 15
0 5 15
0 12 14
0 8 24
0 10 21
0 7 13
0 15 27
0 7 9
0 5 23
0 2 16
0 12 20
0 2 16
0 5 19
0 15 37
0 34 34
0 0 16
1 7 15
1 8 19
1 5 34
1 7 36
1 3 12
1 4 7
1 4 17
1 1 16
1 3 14
1 2 38
1 6 12
1 2 7
1 9 21
1 7 21
1 3 25
1 4 11
1 2 10
1 1 31
1 4 28
1 7 43
1 6 40
1 4 18
1 14 68
1 6 21
1 0 6
1 1 10
1 5 17
1 0 10
1 0 22
1 2 18
1 1 15
1 8 24
1 6 12
1 0 20
1 4 17
1 10 40
1 3 16
1 4 34
1 7 38
1 0 34
1 0 9
